"(((Two:Spades),(Two:Hearts)),((Two:Diamonds),(Two:Clubs)))",2.05e-2,0.9573,2.22e-2
"(((Three:Spades),(Two:Hearts)),((Two:Diamonds),(Two:Clubs)))",0.2782,6.25e-2,0.6593
"(((Three:Spades),(Two:Hearts)),((Two:Spades),(Two:Diamonds)))",0.2755,6.28e-2,0.6617
"(((Three:Spades),(Two:Hearts)),((Three:Diamonds),(Two:Clubs)))",2.03e-2,0.9574,2.23e-2
"(((Three:Spades),(Two:Hearts)),((Three:Diamonds),(Two:Spades)))",1.39e-2,0.9667,1.94e-2
"(((Three:Spades),(Two:Hearts)),((Three:Hearts),(Two:Spades)))",1.13e-2,0.987,1.7e-3
"(((Three:Spades),(Two:Spades)),((Two:Hearts),(Two:Diamonds)))",0.3498,5.75e-2,0.5927
"(((Three:Spades),(Two:Spades)),((Three:Hearts),(Two:Diamonds)))",0.1123,0.8647,2.3e-2
"(((Three:Spades),(Two:Spades)),((Three:Hearts),(Two:Hearts)))",0.1123,0.8515,3.62e-2
"(((Three:Spades),(Three:Hearts)),((Two:Diamonds),(Two:Clubs)))",0.7881,5.3e-2,0.1589
"(((Three:Spades),(Three:Hearts)),((Two:Spades),(Two:Diamonds)))",0.7865,5.31e-2,0.1604
"(((Three:Spades),(Three:Hearts)),((Two:Spades),(Two:Hearts)))",0.8033,5.36e-2,0.1431
"(((Three:Spades),(Three:Hearts)),((Three:Diamonds),(Two:Clubs)))",0.8478,6.91e-2,8.31e-2
"(((Three:Spades),(Three:Hearts)),((Three:Diamonds),(Two:Diamonds)))",0.7709,6.32e-2,0.1659
"(((Three:Spades),(Three:Hearts)),((Three:Diamonds),(Two:Hearts)))",0.8503,6.95e-2,8.02e-2
"(((Three:Spades),(Three:Hearts)),((Three:Diamonds),(Three:Clubs)))",2.05e-2,0.957,2.25e-2
"(((Four:Spades),(Two:Hearts)),((Two:Diamonds),(Two:Clubs)))",0.3512,5.73e-2,0.5915
"(((Four:Spades),(Two:Hearts)),((Two:Diamonds),(Three:Clubs)))",0.3232,0.4793,0.1975
"(((Four:Spades),(Two:Hearts)),((Two:Diamonds),(Three:Diamonds)))",0.3062,0.4364,0.2574
"(((Four:Spades),(Two:Hearts)),((Two:Diamonds),(Three:Hearts)))",0.3251,0.4815,0.1934
"(((Four:Spades),(Two:Hearts)),((Two:Diamonds),(Three:Spades)))",0.3222,0.4816,0.1962
"(((Four:Spades),(Two:Hearts)),((Two:Spades),(Two:Diamonds)))",0.3535,5.76e-2,0.5889
"(((Four:Spades),(Two:Hearts)),((Two:Spades),(Three:Diamonds)))",0.3225,0.4822,0.1953
"(((Four:Spades),(Two:Hearts)),((Two:Spades),(Three:Hearts)))",0.3244,0.4931,0.1825
"(((Four:Spades),(Two:Hearts)),((Two:Spades),(Three:Spades)))",0.3082,0.4353,0.2565
"(((Four:Spades),(Two:Hearts)),((Three:Diamonds),(Three:Clubs)))",0.3144,4.27e-2,0.6429
"(((Four:Spades),(Two:Hearts)),((Three:Hearts),(Three:Diamonds)))",0.3176,4.26e-2,0.6398
"(((Four:Spades),(Two:Hearts)),((Three:Spades),(Three:Diamonds)))",0.3164,4.27e-2,0.6409
"(((Four:Spades),(Two:Hearts)),((Three:Spades),(Three:Hearts)))",0.3189,4.32e-2,0.6379
"(((Four:Spades),(Two:Hearts)),((Four:Diamonds),(Two:Clubs)))",2.45e-2,0.9565,1.9e-2
"(((Four:Spades),(Two:Hearts)),((Four:Diamonds),(Two:Spades)))",1.51e-2,0.9682,1.67e-2
"(((Four:Spades),(Two:Hearts)),((Four:Hearts),(Two:Spades)))",1.27e-2,0.9858,1.5e-3
"(((Four:Spades),(Two:Spades)),((Two:Hearts),(Two:Diamonds)))",0.4264,5.21e-2,0.5215
"(((Four:Spades),(Two:Spades)),((Two:Hearts),(Three:Diamonds)))",0.4014,0.4238,0.1748
"(((Four:Spades),(Two:Spades)),((Two:Hearts),(Three:Hearts)))",0.3935,0.4144,0.1921
"(((Four:Spades),(Two:Spades)),((Two:Hearts),(Three:Spades)))",0.39,0.4357,0.1743
"(((Four:Spades),(Two:Spades)),((Three:Hearts),(Three:Diamonds)))",0.387,3.86e-2,0.5744
"(((Four:Spades),(Two:Spades)),((Three:Spades),(Three:Hearts)))",0.3805,3.93e-2,0.5802
"(((Four:Spades),(Two:Spades)),((Four:Hearts),(Two:Diamonds)))",0.1358,0.8458,1.84e-2
"(((Four:Spades),(Two:Spades)),((Four:Hearts),(Two:Hearts)))",0.1358,0.8259,3.83e-2
"(((Four:Spades),(Three:Hearts)),((Two:Diamonds),(Two:Clubs)))",0.4584,4.27e-2,0.4989
"(((Four:Spades),(Three:Hearts)),((Two:Hearts),(Two:Diamonds)))",0.4641,4.28e-2,0.4931
"(((Four:Spades),(Three:Hearts)),((Two:Spades),(Two:Diamonds)))",0.461,4.28e-2,0.4962
"(((Four:Spades),(Three:Hearts)),((Two:Spades),(Two:Hearts)))",0.4691,4.29e-2,0.488
"(((Four:Spades),(Three:Hearts)),((Three:Diamonds),(Two:Clubs)))",0.3344,0.475,0.1906
"(((Four:Spades),(Three:Hearts)),((Three:Diamonds),(Two:Diamonds)))",0.3165,0.4317,0.2518
"(((Four:Spades),(Three:Hearts)),((Three:Diamonds),(Two:Hearts)))",0.3386,0.4774,0.184
"(((Four:Spades),(Three:Hearts)),((Three:Diamonds),(Two:Spades)))",0.3359,0.4775,0.1866
"(((Four:Spades),(Three:Hearts)),((Three:Diamonds),(Three:Clubs)))",0.36,5.58e-2,0.5842
"(((Four:Spades),(Three:Hearts)),((Three:Spades),(Two:Diamonds)))",0.3347,0.4787,0.1866
"(((Four:Spades),(Three:Hearts)),((Three:Spades),(Two:Hearts)))",0.3382,0.4894,0.1724
"(((Four:Spades),(Three:Hearts)),((Three:Spades),(Two:Spades)))",0.3197,0.4322,0.2481
"(((Four:Spades),(Three:Hearts)),((Three:Spades),(Three:Diamonds)))",0.3607,5.64e-2,0.5829
"(((Four:Spades),(Three:Hearts)),((Four:Diamonds),(Two:Clubs)))",0.3188,0.4918,0.1894
"(((Four:Spades),(Three:Hearts)),((Four:Diamonds),(Two:Diamonds)))",0.2957,0.4502,0.2541
"(((Four:Spades),(Three:Hearts)),((Four:Diamonds),(Two:Hearts)))",0.3192,0.4937,0.1871
"(((Four:Spades),(Three:Hearts)),((Four:Diamonds),(Two:Spades)))",0.3148,0.4942,0.191
"(((Four:Spades),(Three:Hearts)),((Four:Diamonds),(Three:Clubs)))",2.48e-2,0.9554,1.98e-2
"(((Four:Spades),(Three:Hearts)),((Four:Diamonds),(Three:Spades)))",1.32e-2,0.9671,1.97e-2
"(((Four:Spades),(Three:Hearts)),((Four:Hearts),(Two:Diamonds)))",0.3177,0.4924,0.1899
"(((Four:Spades),(Three:Hearts)),((Four:Hearts),(Two:Hearts)))",0.3181,0.4828,0.1991
"(((Four:Spades),(Three:Hearts)),((Four:Hearts),(Two:Spades)))",0.3183,0.5026,0.1791
"(((Four:Spades),(Three:Hearts)),((Four:Hearts),(Three:Spades)))",1.07e-2,0.9877,1.6e-3
"(((Four:Spades),(Three:Spades)),((Two:Hearts),(Two:Diamonds)))",0.5232,3.86e-2,0.4382
"(((Four:Spades),(Three:Spades)),((Two:Spades),(Two:Hearts)))",0.5204,3.88e-2,0.4408
"(((Four:Spades),(Three:Spades)),((Three:Hearts),(Two:Diamonds)))",0.4114,0.4202,0.1684
"(((Four:Spades),(Three:Spades)),((Three:Hearts),(Two:Hearts)))",0.403,0.4116,0.1854
"(((Four:Spades),(Three:Spades)),((Three:Hearts),(Two:Spades)))",0.4019,0.4319,0.1662
"(((Four:Spades),(Three:Spades)),((Three:Hearts),(Three:Diamonds)))",0.4294,5.14e-2,0.5192
"(((Four:Spades),(Three:Spades)),((Four:Hearts),(Two:Diamonds)))",0.3896,0.4353,0.1751
"(((Four:Spades),(Three:Spades)),((Four:Hearts),(Two:Hearts)))",0.3735,0.4239,0.2026
"(((Four:Spades),(Three:Spades)),((Four:Hearts),(Two:Spades)))",0.3809,0.4461,0.173
"(((Four:Spades),(Three:Spades)),((Four:Hearts),(Three:Diamonds)))",0.1131,0.8633,2.36e-2
"(((Four:Spades),(Three:Spades)),((Four:Hearts),(Three:Hearts)))",0.1131,0.8506,3.63e-2
"(((Four:Spades),(Four:Hearts)),((Two:Diamonds),(Two:Clubs)))",0.8091,3.82e-2,0.1527
"(((Four:Spades),(Four:Hearts)),((Two:Spades),(Two:Diamonds)))",0.8065,3.83e-2,0.1552
"(((Four:Spades),(Four:Hearts)),((Two:Spades),(Two:Hearts)))",0.8204,3.87e-2,0.1409
"(((Four:Spades),(Four:Hearts)),((Three:Diamonds),(Two:Clubs)))",0.8485,3.82e-2,0.1133
"(((Four:Spades),(Four:Hearts)),((Three:Diamonds),(Two:Diamonds)))",0.7858,3.48e-2,0.1794
"(((Four:Spades),(Four:Hearts)),((Three:Diamonds),(Two:Hearts)))",0.8511,3.82e-2,0.1107
"(((Four:Spades),(Four:Hearts)),((Three:Diamonds),(Three:Clubs)))",0.7249,3.84e-2,0.2367
"(((Four:Spades),(Four:Hearts)),((Three:Spades),(Two:Diamonds)))",0.8495,3.83e-2,0.1122
"(((Four:Spades),(Four:Hearts)),((Three:Spades),(Two:Hearts)))",0.8629,3.89e-2,9.82e-2
"(((Four:Spades),(Four:Hearts)),((Three:Spades),(Two:Spades)))",0.7884,3.49e-2,0.1767
"(((Four:Spades),(Four:Hearts)),((Three:Spades),(Three:Diamonds)))",0.7242,3.85e-2,0.2373
"(((Four:Spades),(Four:Hearts)),((Three:Spades),(Three:Hearts)))",0.7344,3.99e-2,0.2257
"(((Four:Spades),(Four:Hearts)),((Four:Diamonds),(Two:Clubs)))",0.8543,6.42e-2,8.15e-2
"(((Four:Spades),(Four:Hearts)),((Four:Diamonds),(Two:Diamonds)))",0.7901,5.92e-2,0.1507
"(((Four:Spades),(Four:Hearts)),((Four:Diamonds),(Two:Hearts)))",0.8554,6.45e-2,8.01e-2
"(((Four:Spades),(Four:Hearts)),((Four:Diamonds),(Three:Clubs)))",0.8369,6.37e-2,9.94e-2
"(((Four:Spades),(Four:Hearts)),((Four:Diamonds),(Three:Diamonds)))",0.7737,5.88e-2,0.1675
"(((Four:Spades),(Four:Hearts)),((Four:Diamonds),(Three:Hearts)))",0.8359,6.41e-2,0.1
"(((Four:Spades),(Four:Hearts)),((Four:Diamonds),(Four:Clubs)))",2.06e-2,0.9564,2.3e-2
"(((Five:Spades),(Two:Hearts)),((Two:Diamonds),(Two:Clubs)))",0.3564,5.1e-2,0.5926
"(((Five:Spades),(Two:Hearts)),((Two:Diamonds),(Three:Clubs)))",0.4635,0.3393,0.1972
"(((Five:Spades),(Two:Hearts)),((Two:Diamonds),(Three:Diamonds)))",0.431,0.3095,0.2595
"(((Five:Spades),(Two:Hearts)),((Two:Diamonds),(Three:Hearts)))",0.4614,0.3417,0.1969
"(((Five:Spades),(Two:Hearts)),((Two:Diamonds),(Three:Spades)))",0.4639,0.3412,0.1949
"(((Five:Spades),(Two:Hearts)),((Two:Diamonds),(Four:Clubs)))",0.4676,0.3384,0.194
"(((Five:Spades),(Two:Hearts)),((Two:Diamonds),(Four:Diamonds)))",0.433,0.3065,0.2605
"(((Five:Spades),(Two:Hearts)),((Two:Diamonds),(Four:Hearts)))",0.4622,0.34,0.1978
"(((Five:Spades),(Two:Hearts)),((Two:Diamonds),(Four:Spades)))",0.463,0.3401,0.1969
"(((Five:Spades),(Two:Hearts)),((Two:Spades),(Two:Diamonds)))",0.3567,5.21e-2,0.5912
"(((Five:Spades),(Two:Hearts)),((Two:Spades),(Three:Diamonds)))",0.463,0.3422,0.1948
"(((Five:Spades),(Two:Hearts)),((Two:Spades),(Three:Hearts)))",0.4622,0.3503,0.1875
"(((Five:Spades),(Two:Hearts)),((Two:Spades),(Three:Spades)))",0.4361,0.3166,0.2473
"(((Five:Spades),(Two:Hearts)),((Two:Spades),(Four:Diamonds)))",0.4622,0.3418,0.196
"(((Five:Spades),(Two:Hearts)),((Two:Spades),(Four:Hearts)))",0.4625,0.3502,0.1873
"(((Five:Spades),(Two:Hearts)),((Two:Spades),(Four:Spades)))",0.4276,0.3138,0.2586
"(((Five:Spades),(Two:Hearts)),((Three:Diamonds),(Three:Clubs)))",0.3228,3.68e-2,0.6404
"(((Five:Spades),(Two:Hearts)),((Three:Hearts),(Three:Diamonds)))",0.3183,3.68e-2,0.6449
"(((Five:Spades),(Two:Hearts)),((Three:Spades),(Three:Diamonds)))",0.3221,3.68e-2,0.6411
"(((Five:Spades),(Two:Hearts)),((Three:Spades),(Three:Hearts)))",0.3196,3.74e-2,0.643
"(((Five:Spades),(Two:Hearts)),((Four:Diamonds),(Three:Clubs)))",0.4007,0.2126,0.3867
"(((Five:Spades),(Two:Hearts)),((Four:Diamonds),(Three:Diamonds)))",0.3701,0.1886,0.4413
"(((Five:Spades),(Two:Hearts)),((Four:Diamonds),(Three:Hearts)))",0.3966,0.2135,0.3899
"(((Five:Spades),(Two:Hearts)),((Four:Diamonds),(Three:Spades)))",0.3984,0.2137,0.3879
"(((Five:Spades),(Two:Hearts)),((Four:Diamonds),(Four:Clubs)))",0.3165,2.96e-2,0.6539
"(((Five:Spades),(Two:Hearts)),((Four:Hearts),(Three:Diamonds)))",0.3957,0.2137,0.3906
"(((Five:Spades),(Two:Hearts)),((Four:Hearts),(Three:Hearts)))",0.3817,0.2086,0.4097
"(((Five:Spades),(Two:Hearts)),((Four:Hearts),(Three:Spades)))",0.3942,0.2186,0.3872
"(((Five:Spades),(Two:Hearts)),((Four:Hearts),(Four:Diamonds)))",0.3084,2.95e-2,0.6621
"(((Five:Spades),(Two:Hearts)),((Four:Spades),(Three:Diamonds)))",0.3972,0.2139,0.3889
"(((Five:Spades),(Two:Hearts)),((Four:Spades),(Three:Hearts)))",0.3979,0.2187,0.3834
"(((Five:Spades),(Two:Hearts)),((Four:Spades),(Three:Spades)))",0.3777,0.1959,0.4264
"(((Five:Spades),(Two:Hearts)),((Four:Spades),(Four:Diamonds)))",0.3151,2.98e-2,0.6551
"(((Five:Spades),(Two:Hearts)),((Four:Spades),(Four:Hearts)))",0.3098,3.01e-2,0.6601
"(((Five:Spades),(Two:Hearts)),((Five:Diamonds),(Two:Clubs)))",2.54e-2,0.9572,1.74e-2
"(((Five:Spades),(Two:Hearts)),((Five:Diamonds),(Two:Spades)))",1.74e-2,0.9672,1.54e-2
"(((Five:Spades),(Two:Hearts)),((Five:Hearts),(Two:Spades)))",1.1e-2,0.9875,1.5e-3
"(((Five:Spades),(Two:Spades)),((Two:Hearts),(Two:Diamonds)))",0.4127,4.86e-2,0.5387
"(((Five:Spades),(Two:Spades)),((Two:Hearts),(Three:Diamonds)))",0.5087,0.309,0.1823
"(((Five:Spades),(Two:Spades)),((Two:Hearts),(Three:Hearts)))",0.4836,0.304,0.2124
"(((Five:Spades),(Two:Spades)),((Two:Hearts),(Three:Spades)))",0.5011,0.3171,0.1818
"(((Five:Spades),(Two:Spades)),((Two:Hearts),(Four:Diamonds)))",0.5145,0.3051,0.1804
"(((Five:Spades),(Two:Spades)),((Two:Hearts),(Four:Hearts)))",0.4904,0.3005,0.2091
"(((Five:Spades),(Two:Spades)),((Two:Hearts),(Four:Spades)))",0.5058,0.3139,0.1803
"(((Five:Spades),(Two:Spades)),((Three:Hearts),(Three:Diamonds)))",0.3745,3.41e-2,0.5914
"(((Five:Spades),(Two:Spades)),((Three:Spades),(Three:Hearts)))",0.3696,3.47e-2,0.5957
"(((Five:Spades),(Two:Spades)),((Four:Hearts),(Three:Diamonds)))",0.4666,0.191,0.3424
"(((Five:Spades),(Two:Spades)),((Four:Hearts),(Three:Hearts)))",0.446,0.1859,0.3681
"(((Five:Spades),(Two:Spades)),((Four:Hearts),(Three:Spades)))",0.4433,0.1962,0.3605
"(((Five:Spades),(Two:Spades)),((Four:Hearts),(Four:Diamonds)))",0.3652,2.73e-2,0.6075
"(((Five:Spades),(Two:Spades)),((Four:Spades),(Three:Hearts)))",0.4562,0.1962,0.3476
"(((Five:Spades),(Two:Spades)),((Four:Spades),(Three:Spades)))",0.4313,0.1976,0.3711
"(((Five:Spades),(Two:Spades)),((Four:Spades),(Four:Hearts)))",0.3572,2.79e-2,0.6149
"(((Five:Spades),(Two:Spades)),((Five:Hearts),(Two:Diamonds)))",0.1122,0.8662,2.16e-2
"(((Five:Spades),(Two:Spades)),((Five:Hearts),(Two:Hearts)))",0.1122,0.8517,3.61e-2
"(((Five:Spades),(Three:Hearts)),((Two:Diamonds),(Two:Clubs)))",0.4681,3.78e-2,0.4941
"(((Five:Spades),(Three:Hearts)),((Two:Hearts),(Two:Diamonds)))",0.4695,3.79e-2,0.4926
"(((Five:Spades),(Three:Hearts)),((Two:Spades),(Two:Diamonds)))",0.4678,3.79e-2,0.4943
"(((Five:Spades),(Three:Hearts)),((Two:Spades),(Two:Hearts)))",0.4728,3.82e-2,0.489
"(((Five:Spades),(Three:Hearts)),((Three:Diamonds),(Two:Clubs)))",0.4686,0.3417,0.1897
"(((Five:Spades),(Three:Hearts)),((Three:Diamonds),(Two:Diamonds)))",0.4366,0.312,0.2514
"(((Five:Spades),(Three:Hearts)),((Three:Diamonds),(Two:Hearts)))",0.4709,0.3452,0.1839
"(((Five:Spades),(Three:Hearts)),((Three:Diamonds),(Two:Spades)))",0.4699,0.3448,0.1853
"(((Five:Spades),(Three:Hearts)),((Three:Diamonds),(Three:Clubs)))",0.3685,5.07e-2,0.5808
"(((Five:Spades),(Three:Hearts)),((Three:Diamonds),(Four:Clubs)))",0.4271,0.3775,0.1954
"(((Five:Spades),(Three:Hearts)),((Three:Diamonds),(Four:Diamonds)))",0.3935,0.3441,0.2624
"(((Five:Spades),(Three:Hearts)),((Three:Diamonds),(Four:Hearts)))",0.4222,0.3791,0.1987
"(((Five:Spades),(Three:Hearts)),((Three:Diamonds),(Four:Spades)))",0.4234,0.3787,0.1979
"(((Five:Spades),(Three:Hearts)),((Three:Spades),(Two:Diamonds)))",0.469,0.3455,0.1855
"(((Five:Spades),(Three:Hearts)),((Three:Spades),(Two:Hearts)))",0.4727,0.3537,0.1736
"(((Five:Spades),(Three:Hearts)),((Three:Spades),(Two:Spades)))",0.443,0.3204,0.2366
"(((Five:Spades),(Three:Hearts)),((Three:Spades),(Three:Diamonds)))",0.3682,5.11e-2,0.5807
"(((Five:Spades),(Three:Hearts)),((Three:Spades),(Four:Diamonds)))",0.4195,0.379,0.2015
"(((Five:Spades),(Three:Hearts)),((Three:Spades),(Four:Hearts)))",0.4201,0.3903,0.1896
"(((Five:Spades),(Three:Hearts)),((Three:Spades),(Four:Spades)))",0.3984,0.3563,0.2453
"(((Five:Spades),(Three:Hearts)),((Four:Diamonds),(Two:Clubs)))",0.4999,0.2131,0.287
"(((Five:Spades),(Three:Hearts)),((Four:Diamonds),(Two:Diamonds)))",0.4631,0.1889,0.348
"(((Five:Spades),(Three:Hearts)),((Four:Diamonds),(Two:Hearts)))",0.5004,0.2137,0.2859
"(((Five:Spades),(Three:Hearts)),((Four:Diamonds),(Two:Spades)))",0.4989,0.2136,0.2875
"(((Five:Spades),(Three:Hearts)),((Four:Diamonds),(Four:Clubs)))",0.3285,2.96e-2,0.6419
"(((Five:Spades),(Three:Hearts)),((Four:Hearts),(Two:Diamonds)))",0.4961,0.2137,0.2902
"(((Five:Spades),(Three:Hearts)),((Four:Hearts),(Two:Hearts)))",0.4798,0.2085,0.3117
"(((Five:Spades),(Three:Hearts)),((Four:Hearts),(Two:Spades)))",0.5002,0.2186,0.2812
"(((Five:Spades),(Three:Hearts)),((Four:Hearts),(Four:Diamonds)))",0.3243,2.97e-2,0.646
"(((Five:Spades),(Three:Hearts)),((Four:Spades),(Two:Diamonds)))",0.4975,0.2139,0.2886
"(((Five:Spades),(Three:Hearts)),((Four:Spades),(Two:Hearts)))",0.5028,0.2187,0.2785
"(((Five:Spades),(Three:Hearts)),((Four:Spades),(Two:Spades)))",0.4593,0.1961,0.3446
"(((Five:Spades),(Three:Hearts)),((Four:Spades),(Four:Diamonds)))",0.3268,3.0e-2,0.6432
"(((Five:Spades),(Three:Hearts)),((Four:Spades),(Four:Hearts)))",0.3261,3.07e-2,0.6432
"(((Five:Spades),(Three:Hearts)),((Five:Diamonds),(Two:Clubs)))",0.3138,0.5052,0.181
"(((Five:Spades),(Three:Hearts)),((Five:Diamonds),(Two:Diamonds)))",0.2883,0.4596,0.2521
"(((Five:Spades),(Three:Hearts)),((Five:Diamonds),(Two:Hearts)))",0.3133,0.5066,0.1801
"(((Five:Spades),(Three:Hearts)),((Five:Diamonds),(Two:Spades)))",0.311,0.5071,0.1819
"(((Five:Spades),(Three:Hearts)),((Five:Diamonds),(Three:Clubs)))",2.48e-2,0.9581,1.71e-2
"(((Five:Spades),(Three:Hearts)),((Five:Diamonds),(Three:Spades)))",1.55e-2,0.9642,2.03e-2
"(((Five:Spades),(Three:Hearts)),((Five:Hearts),(Two:Diamonds)))",0.308,0.5045,0.1875
"(((Five:Spades),(Three:Hearts)),((Five:Hearts),(Two:Hearts)))",0.3091,0.4982,0.1927
"(((Five:Spades),(Three:Hearts)),((Five:Hearts),(Two:Spades)))",0.3098,0.5176,0.1726
"(((Five:Spades),(Three:Hearts)),((Five:Hearts),(Three:Spades)))",8.8e-3,0.9895,1.7e-3
"(((Five:Spades),(Three:Spades)),((Two:Hearts),(Two:Diamonds)))",0.5139,3.52e-2,0.4509
"(((Five:Spades),(Three:Spades)),((Two:Spades),(Two:Hearts)))",0.5107,3.55e-2,0.4538
"(((Five:Spades),(Three:Spades)),((Three:Hearts),(Two:Diamonds)))",0.5145,0.3122,0.1733
"(((Five:Spades),(Three:Spades)),((Three:Hearts),(Two:Hearts)))",0.4882,0.3071,0.2047
"(((Five:Spades),(Three:Spades)),((Three:Hearts),(Two:Spades)))",0.509,0.3205,0.1705
"(((Five:Spades),(Three:Spades)),((Three:Hearts),(Three:Diamonds)))",0.4219,4.79e-2,0.5302
"(((Five:Spades),(Three:Spades)),((Three:Hearts),(Four:Diamonds)))",0.4669,0.3449,0.1882
"(((Five:Spades),(Three:Spades)),((Three:Hearts),(Four:Hearts)))",0.4474,0.3403,0.2123
"(((Five:Spades),(Three:Spades)),((Three:Hearts),(Four:Spades)))",0.4591,0.3565,0.1844
"(((Five:Spades),(Three:Spades)),((Four:Hearts),(Two:Diamonds)))",0.5417,0.1917,0.2666
"(((Five:Spades),(Three:Spades)),((Four:Hearts),(Two:Hearts)))",0.5083,0.1863,0.3054
"(((Five:Spades),(Three:Spades)),((Four:Hearts),(Two:Spades)))",0.5385,0.1965,0.265
"(((Five:Spades),(Three:Spades)),((Four:Hearts),(Four:Diamonds)))",0.3797,2.78e-2,0.5925
"(((Five:Spades),(Three:Spades)),((Four:Spades),(Two:Hearts)))",0.5354,0.1965,0.2681
"(((Five:Spades),(Three:Spades)),((Four:Spades),(Two:Spades)))",0.5325,0.1978,0.2697
"(((Five:Spades),(Three:Spades)),((Four:Spades),(Four:Hearts)))",0.3733,2.87e-2,0.598
"(((Five:Spades),(Three:Spades)),((Five:Hearts),(Two:Diamonds)))",0.3655,0.4584,0.1761
"(((Five:Spades),(Three:Spades)),((Five:Hearts),(Two:Hearts)))",0.3489,0.4502,0.2009
"(((Five:Spades),(Three:Spades)),((Five:Hearts),(Two:Spades)))",0.3589,0.4722,0.1689
"(((Five:Spades),(Three:Spades)),((Five:Hearts),(Three:Diamonds)))",9.16e-2,0.8825,2.59e-2
"(((Five:Spades),(Three:Spades)),((Five:Hearts),(Three:Hearts)))",9.15e-2,0.8735,3.5e-2
"(((Five:Spades),(Four:Hearts)),((Two:Diamonds),(Two:Clubs)))",0.483,3.73e-2,0.4797
"(((Five:Spades),(Four:Hearts)),((Two:Hearts),(Two:Diamonds)))",0.4825,3.74e-2,0.4801
"(((Five:Spades),(Four:Hearts)),((Two:Spades),(Two:Diamonds)))",0.4793,3.75e-2,0.4832
"(((Five:Spades),(Four:Hearts)),((Two:Spades),(Two:Hearts)))",0.4854,3.77e-2,0.4769
"(((Five:Spades),(Four:Hearts)),((Three:Diamonds),(Two:Clubs)))",0.5,0.2026,0.2974
"(((Five:Spades),(Four:Hearts)),((Three:Diamonds),(Two:Diamonds)))",0.4619,0.1793,0.3588
"(((Five:Spades),(Four:Hearts)),((Three:Diamonds),(Two:Hearts)))",0.5009,0.203,0.2961
"(((Five:Spades),(Four:Hearts)),((Three:Diamonds),(Two:Spades)))",0.4991,0.203,0.2979
"(((Five:Spades),(Four:Hearts)),((Three:Diamonds),(Three:Clubs)))",0.4361,3.0e-2,0.5339
"(((Five:Spades),(Four:Hearts)),((Three:Hearts),(Two:Diamonds)))",0.5017,0.2029,0.2954
"(((Five:Spades),(Four:Hearts)),((Three:Hearts),(Two:Hearts)))",0.4834,0.1982,0.3184
"(((Five:Spades),(Four:Hearts)),((Three:Hearts),(Two:Spades)))",0.5056,0.2075,0.2869
"(((Five:Spades),(Four:Hearts)),((Three:Hearts),(Three:Diamonds)))",0.4366,3.01e-2,0.5333
"(((Five:Spades),(Four:Hearts)),((Three:Spades),(Two:Diamonds)))",0.5008,0.2028,0.2964
"(((Five:Spades),(Four:Hearts)),((Three:Spades),(Two:Hearts)))",0.5065,0.2074,0.2861
"(((Five:Spades),(Four:Hearts)),((Three:Spades),(Two:Spades)))",0.4729,0.1861,0.341
"(((Five:Spades),(Four:Hearts)),((Three:Spades),(Three:Diamonds)))",0.435,3.02e-2,0.5348
"(((Five:Spades),(Four:Hearts)),((Three:Spades),(Three:Hearts)))",0.4382,3.09e-2,0.5309
"(((Five:Spades),(Four:Hearts)),((Four:Diamonds),(Two:Clubs)))",0.4812,0.3324,0.1864
"(((Five:Spades),(Four:Hearts)),((Four:Diamonds),(Two:Diamonds)))",0.4441,0.3027,0.2532
"(((Five:Spades),(Four:Hearts)),((Four:Diamonds),(Two:Hearts)))",0.4804,0.3347,0.1849
"(((Five:Spades),(Four:Hearts)),((Four:Diamonds),(Two:Spades)))",0.4795,0.3348,0.1857
"(((Five:Spades),(Four:Hearts)),((Four:Diamonds),(Three:Clubs)))",0.4535,0.3102,0.2363
"(((Five:Spades),(Four:Hearts)),((Four:Diamonds),(Three:Diamonds)))",0.4178,0.28,0.3022
"(((Five:Spades),(Four:Hearts)),((Four:Diamonds),(Three:Hearts)))",0.4475,0.3116,0.2409
"(((Five:Spades),(Four:Hearts)),((Four:Diamonds),(Three:Spades)))",0.4466,0.3114,0.242
"(((Five:Spades),(Four:Hearts)),((Four:Diamonds),(Four:Clubs)))",0.3761,4.71e-2,0.5768
"(((Five:Spades),(Four:Hearts)),((Four:Spades),(Two:Diamonds)))",0.4779,0.3348,0.1873
"(((Five:Spades),(Four:Hearts)),((Four:Spades),(Two:Hearts)))",0.4829,0.3431,0.174
"(((Five:Spades),(Four:Hearts)),((Four:Spades),(Two:Spades)))",0.4543,0.3133,0.2324
"(((Five:Spades),(Four:Hearts)),((Four:Spades),(Three:Diamonds)))",0.4501,0.3121,0.2378
"(((Five:Spades),(Four:Hearts)),((Four:Spades),(Three:Hearts)))",0.4513,0.3207,0.228
"(((Five:Spades),(Four:Hearts)),((Four:Spades),(Three:Spades)))",0.4243,0.2917,0.284
"(((Five:Spades),(Four:Hearts)),((Four:Spades),(Four:Diamonds)))",0.374,4.71e-2,0.5789
"(((Five:Spades),(Four:Hearts)),((Five:Diamonds),(Two:Clubs)))",0.27,0.5447,0.1853
"(((Five:Spades),(Four:Hearts)),((Five:Diamonds),(Two:Diamonds)))",0.2466,0.4982,0.2552
"(((Five:Spades),(Four:Hearts)),((Five:Diamonds),(Two:Hearts)))",0.2689,0.5461,0.185
"(((Five:Spades),(Four:Hearts)),((Five:Diamonds),(Two:Spades)))",0.2679,0.5464,0.1857
"(((Five:Spades),(Four:Hearts)),((Five:Diamonds),(Three:Clubs)))",0.2676,0.4953,0.2371
"(((Five:Spades),(Four:Hearts)),((Five:Diamonds),(Three:Diamonds)))",0.246,0.4493,0.3047
"(((Five:Spades),(Four:Hearts)),((Five:Diamonds),(Three:Hearts)))",0.2616,0.4964,0.242
"(((Five:Spades),(Four:Hearts)),((Five:Diamonds),(Three:Spades)))",0.2607,0.4965,0.2428
"(((Five:Spades),(Four:Hearts)),((Five:Diamonds),(Four:Clubs)))",2.1e-2,0.9576,2.14e-2
"(((Five:Spades),(Four:Hearts)),((Five:Diamonds),(Four:Spades)))",1.54e-2,0.9647,1.99e-2
"(((Five:Spades),(Four:Hearts)),((Five:Hearts),(Two:Diamonds)))",0.2605,0.5443,0.1952
"(((Five:Spades),(Four:Hearts)),((Five:Hearts),(Two:Hearts)))",0.2588,0.5292,0.212
"(((Five:Spades),(Four:Hearts)),((Five:Hearts),(Two:Spades)))",0.2633,0.5582,0.1785
"(((Five:Spades),(Four:Hearts)),((Five:Hearts),(Three:Diamonds)))",0.2581,0.4958,0.2461
"(((Five:Spades),(Four:Hearts)),((Five:Hearts),(Three:Hearts)))",0.2596,0.4905,0.2499
"(((Five:Spades),(Four:Hearts)),((Five:Hearts),(Three:Spades)))",0.2609,0.5085,0.2306
"(((Five:Spades),(Four:Hearts)),((Five:Hearts),(Four:Spades)))",8.3e-3,0.9902,1.5e-3
"(((Five:Spades),(Four:Spades)),((Two:Hearts),(Two:Diamonds)))",0.535,3.37e-2,0.4313
"(((Five:Spades),(Four:Spades)),((Two:Spades),(Two:Hearts)))",0.5319,3.4e-2,0.4341
"(((Five:Spades),(Four:Spades)),((Three:Hearts),(Two:Diamonds)))",0.558,0.1814,0.2606
"(((Five:Spades),(Four:Spades)),((Three:Hearts),(Two:Hearts)))",0.5341,0.1765,0.2894
"(((Five:Spades),(Four:Spades)),((Three:Hearts),(Two:Spades)))",0.552,0.1861,0.2619
"(((Five:Spades),(Four:Spades)),((Three:Hearts),(Three:Diamonds)))",0.4858,2.78e-2,0.4864
"(((Five:Spades),(Four:Spades)),((Three:Spades),(Two:Hearts)))",0.5385,0.1863,0.2752
"(((Five:Spades),(Four:Spades)),((Three:Spades),(Two:Spades)))",0.5348,0.1875,0.2777
"(((Five:Spades),(Four:Spades)),((Three:Spades),(Three:Hearts)))",0.4724,2.87e-2,0.4989
"(((Five:Spades),(Four:Spades)),((Four:Hearts),(Two:Diamonds)))",0.514,0.3048,0.1812
"(((Five:Spades),(Four:Spades)),((Four:Hearts),(Two:Hearts)))",0.4814,0.2976,0.221
"(((Five:Spades),(Four:Spades)),((Four:Hearts),(Two:Spades)))",0.51,0.3131,0.1769
"(((Five:Spades),(Four:Spades)),((Four:Hearts),(Three:Diamonds)))",0.4887,0.2832,0.2281
"(((Five:Spades),(Four:Spades)),((Four:Hearts),(Three:Hearts)))",0.4693,0.2796,0.2511
"(((Five:Spades),(Four:Spades)),((Four:Hearts),(Three:Spades)))",0.4847,0.2915,0.2238
"(((Five:Spades),(Four:Spades)),((Four:Hearts),(Four:Diamonds)))",0.4244,4.42e-2,0.5314
"(((Five:Spades),(Four:Spades)),((Five:Hearts),(Two:Diamonds)))",0.3209,0.4973,0.1818
"(((Five:Spades),(Four:Spades)),((Five:Hearts),(Two:Hearts)))",0.315,0.481,0.204
"(((Five:Spades),(Four:Spades)),((Five:Hearts),(Two:Spades)))",0.3152,0.5124,0.1724
"(((Five:Spades),(Four:Spades)),((Five:Hearts),(Three:Diamonds)))",0.3184,0.4519,0.2297
"(((Five:Spades),(Four:Spades)),((Five:Hearts),(Three:Hearts)))",0.3169,0.446,0.2371
"(((Five:Spades),(Four:Spades)),((Five:Hearts),(Three:Spades)))",0.3144,0.4649,0.2207
"(((Five:Spades),(Four:Spades)),((Five:Hearts),(Four:Diamonds)))",9.14e-2,0.8816,2.7e-2
"(((Five:Spades),(Four:Spades)),((Five:Hearts),(Four:Hearts)))",9.14e-2,0.873,3.56e-2
"(((Five:Spades),(Five:Hearts)),((Two:Diamonds),(Two:Clubs)))",0.8297,2.73e-2,0.143
"(((Five:Spades),(Five:Hearts)),((Two:Spades),(Two:Diamonds)))",0.827,2.74e-2,0.1456
"(((Five:Spades),(Five:Hearts)),((Two:Spades),(Two:Hearts)))",0.8422,2.77e-2,0.1301
"(((Five:Spades),(Five:Hearts)),((Three:Diamonds),(Two:Clubs)))",0.859,2.68e-2,0.1142
"(((Five:Spades),(Five:Hearts)),((Three:Diamonds),(Two:Diamonds)))",0.7847,2.36e-2,0.1917
"(((Five:Spades),(Five:Hearts)),((Three:Diamonds),(Two:Hearts)))",0.8601,2.68e-2,0.1131
"(((Five:Spades),(Five:Hearts)),((Three:Diamonds),(Three:Clubs)))",0.7504,2.71e-2,0.2225
"(((Five:Spades),(Five:Hearts)),((Three:Spades),(Two:Diamonds)))",0.8586,2.7e-2,0.1144
"(((Five:Spades),(Five:Hearts)),((Three:Spades),(Two:Hearts)))",0.8728,2.75e-2,9.97e-2
"(((Five:Spades),(Five:Hearts)),((Three:Spades),(Two:Spades)))",0.8147,2.54e-2,0.1599
"(((Five:Spades),(Five:Hearts)),((Three:Spades),(Three:Diamonds)))",0.7494,2.71e-2,0.2235
"(((Five:Spades),(Five:Hearts)),((Three:Spades),(Three:Hearts)))",0.7606,2.82e-2,0.2112
"(((Five:Spades),(Five:Hearts)),((Four:Diamonds),(Two:Clubs)))",0.8731,2.65e-2,0.1004
"(((Five:Spades),(Five:Hearts)),((Four:Diamonds),(Two:Diamonds)))",0.8038,2.33e-2,0.1729
"(((Five:Spades),(Five:Hearts)),((Four:Diamonds),(Two:Hearts)))",0.8744,2.65e-2,9.91e-2
"(((Five:Spades),(Five:Hearts)),((Four:Diamonds),(Three:Clubs)))",0.8478,2.66e-2,0.1256
"(((Five:Spades),(Five:Hearts)),((Four:Diamonds),(Three:Diamonds)))",0.7783,2.34e-2,0.1983
"(((Five:Spades),(Five:Hearts)),((Four:Diamonds),(Three:Hearts)))",0.8461,2.65e-2,0.1274
"(((Five:Spades),(Five:Hearts)),((Four:Diamonds),(Four:Clubs)))",0.8234,2.61e-2,0.1505
"(((Five:Spades),(Five:Hearts)),((Four:Spades),(Two:Diamonds)))",0.8739,2.67e-2,9.94e-2
"(((Five:Spades),(Five:Hearts)),((Four:Spades),(Two:Hearts)))",0.8887,2.74e-2,8.39e-2
"(((Five:Spades),(Five:Hearts)),((Four:Spades),(Two:Spades)))",0.8293,2.53e-2,0.1454
"(((Five:Spades),(Five:Hearts)),((Four:Spades),(Three:Diamonds)))",0.8494,2.67e-2,0.1239
"(((Five:Spades),(Five:Hearts)),((Four:Spades),(Three:Hearts)))",0.8619,2.79e-2,0.1102
"(((Five:Spades),(Five:Hearts)),((Four:Spades),(Three:Spades)))",0.8029,2.57e-2,0.1714
"(((Five:Spades),(Five:Hearts)),((Four:Spades),(Four:Diamonds)))",0.823,2.62e-2,0.1508
"(((Five:Spades),(Five:Hearts)),((Four:Spades),(Four:Hearts)))",0.841,2.8e-2,0.131
"(((Five:Spades),(Five:Hearts)),((Five:Diamonds),(Two:Clubs)))",0.8772,5.44e-2,6.84e-2
"(((Five:Spades),(Five:Hearts)),((Five:Diamonds),(Two:Diamonds)))",0.8133,4.97e-2,0.137
"(((Five:Spades),(Five:Hearts)),((Five:Diamonds),(Two:Hearts)))",0.8809,5.46e-2,6.45e-2
"(((Five:Spades),(Five:Hearts)),((Five:Diamonds),(Three:Clubs)))",0.8618,5.45e-2,8.37e-2
"(((Five:Spades),(Five:Hearts)),((Five:Diamonds),(Three:Diamonds)))",0.7996,5.02e-2,0.1502
"(((Five:Spades),(Five:Hearts)),((Five:Diamonds),(Three:Hearts)))",0.8641,5.49e-2,8.1e-2
"(((Five:Spades),(Five:Hearts)),((Five:Diamonds),(Four:Clubs)))",0.8355,5.0e-2,0.1145
"(((Five:Spades),(Five:Hearts)),((Five:Diamonds),(Four:Diamonds)))",0.7622,4.62e-2,0.1916
"(((Five:Spades),(Five:Hearts)),((Five:Diamonds),(Four:Hearts)))",0.8395,5.08e-2,0.1097
"(((Five:Spades),(Five:Hearts)),((Five:Diamonds),(Five:Clubs)))",2.14e-2,0.9556,2.3e-2
"(((Six:Spades),(Two:Hearts)),((Two:Diamonds),(Two:Clubs)))",0.2799,4.69e-2,0.6732
"(((Six:Spades),(Two:Hearts)),((Two:Diamonds),(Three:Clubs)))",0.505,0.2671,0.2279
"(((Six:Spades),(Two:Hearts)),((Two:Diamonds),(Three:Diamonds)))",0.4639,0.2443,0.2918
"(((Six:Spades),(Two:Hearts)),((Two:Diamonds),(Three:Hearts)))",0.5034,0.2686,0.228
"(((Six:Spades),(Two:Hearts)),((Two:Diamonds),(Three:Spades)))",0.5042,0.2687,0.2271
"(((Six:Spades),(Two:Hearts)),((Two:Diamonds),(Four:Clubs)))",0.5026,0.2665,0.2309
"(((Six:Spades),(Two:Hearts)),((Two:Diamonds),(Four:Diamonds)))",0.4603,0.2426,0.2971
"(((Six:Spades),(Two:Hearts)),((Two:Diamonds),(Four:Hearts)))",0.4994,0.2678,0.2328
"(((Six:Spades),(Two:Hearts)),((Two:Diamonds),(Four:Spades)))",0.4985,0.2679,0.2336
"(((Six:Spades),(Two:Hearts)),((Two:Diamonds),(Five:Clubs)))",0.4737,0.2462,0.2801
"(((Six:Spades),(Two:Hearts)),((Two:Diamonds),(Five:Diamonds)))",0.4292,0.2238,0.347
"(((Six:Spades),(Two:Hearts)),((Two:Diamonds),(Five:Hearts)))",0.4692,0.248,0.2828
"(((Six:Spades),(Two:Hearts)),((Two:Diamonds),(Five:Spades)))",0.4669,0.2481,0.285
"(((Six:Spades),(Two:Hearts)),((Two:Spades),(Two:Diamonds)))",0.2788,4.72e-2,0.674
"(((Six:Spades),(Two:Hearts)),((Two:Spades),(Three:Diamonds)))",0.5043,0.269,0.2267
"(((Six:Spades),(Two:Hearts)),((Two:Spades),(Three:Hearts)))",0.5057,0.2748,0.2195
"(((Six:Spades),(Two:Hearts)),((Two:Spades),(Three:Spades)))",0.4716,0.2513,0.2771
"(((Six:Spades),(Two:Hearts)),((Two:Spades),(Four:Diamonds)))",0.4989,0.2686,0.2325
"(((Six:Spades),(Two:Hearts)),((Two:Spades),(Four:Hearts)))",0.5009,0.2749,0.2242
"(((Six:Spades),(Two:Hearts)),((Two:Spades),(Four:Spades)))",0.4562,0.25,0.2938
"(((Six:Spades),(Two:Hearts)),((Two:Spades),(Five:Diamonds)))",0.4694,0.2488,0.2818
"(((Six:Spades),(Two:Hearts)),((Two:Spades),(Five:Hearts)))",0.4727,0.2554,0.2719
"(((Six:Spades),(Two:Hearts)),((Two:Spades),(Five:Spades)))",0.4285,0.2313,0.3402
"(((Six:Spades),(Two:Hearts)),((Three:Diamonds),(Three:Clubs)))",0.2592,3.65e-2,0.7043
"(((Six:Spades),(Two:Hearts)),((Three:Hearts),(Three:Diamonds)))",0.256,3.63e-2,0.7077
"(((Six:Spades),(Two:Hearts)),((Three:Spades),(Three:Diamonds)))",0.2581,3.64e-2,0.7055
"(((Six:Spades),(Two:Hearts)),((Three:Spades),(Three:Hearts)))",0.2575,3.66e-2,0.7059
"(((Six:Spades),(Two:Hearts)),((Four:Diamonds),(Three:Clubs)))",0.4253,0.1482,0.4265
"(((Six:Spades),(Two:Hearts)),((Four:Diamonds),(Three:Diamonds)))",0.3875,0.1313,0.4812
"(((Six:Spades),(Two:Hearts)),((Four:Diamonds),(Three:Hearts)))",0.4215,0.1489,0.4296
"(((Six:Spades),(Two:Hearts)),((Four:Diamonds),(Three:Spades)))",0.4215,0.1491,0.4294
"(((Six:Spades),(Two:Hearts)),((Four:Diamonds),(Four:Clubs)))",0.2547,2.94e-2,0.7159
"(((Six:Spades),(Two:Hearts)),((Four:Hearts),(Three:Diamonds)))",0.4216,0.1493,0.4291
"(((Six:Spades),(Two:Hearts)),((Four:Hearts),(Three:Hearts)))",0.4065,0.1458,0.4477
"(((Six:Spades),(Two:Hearts)),((Four:Hearts),(Three:Spades)))",0.4188,0.1528,0.4284
"(((Six:Spades),(Two:Hearts)),((Four:Hearts),(Four:Diamonds)))",0.2468,2.94e-2,0.7238
"(((Six:Spades),(Two:Hearts)),((Four:Spades),(Three:Diamonds)))",0.4212,0.1497,0.4291
"(((Six:Spades),(Two:Hearts)),((Four:Spades),(Three:Hearts)))",0.4229,0.1531,0.424
"(((Six:Spades),(Two:Hearts)),((Four:Spades),(Three:Spades)))",0.3961,0.1392,0.4647
"(((Six:Spades),(Two:Hearts)),((Four:Spades),(Four:Diamonds)))",0.2523,2.98e-2,0.7179
"(((Six:Spades),(Two:Hearts)),((Four:Spades),(Four:Hearts)))",0.2479,3.0e-2,0.7221
"(((Six:Spades),(Two:Hearts)),((Five:Diamonds),(Three:Clubs)))",0.3944,0.139,0.4666
"(((Six:Spades),(Two:Hearts)),((Five:Diamonds),(Three:Diamonds)))",0.3557,0.1235,0.5208
"(((Six:Spades),(Two:Hearts)),((Five:Diamonds),(Three:Hearts)))",0.3915,0.1395,0.469
"(((Six:Spades),(Two:Hearts)),((Five:Diamonds),(Three:Spades)))",0.3919,0.1396,0.4685
"(((Six:Spades),(Two:Hearts)),((Five:Diamonds),(Four:Clubs)))",0.41,0.1493,0.4407
"(((Six:Spades),(Two:Hearts)),((Five:Diamonds),(Four:Diamonds)))",0.3737,0.1336,0.4927
"(((Six:Spades),(Two:Hearts)),((Five:Diamonds),(Four:Hearts)))",0.4025,0.1497,0.4478
"(((Six:Spades),(Two:Hearts)),((Five:Diamonds),(Four:Spades)))",0.4077,0.15,0.4423
"(((Six:Spades),(Two:Hearts)),((Five:Diamonds),(Five:Clubs)))",0.2267,2.32e-2,0.7501
"(((Six:Spades),(Two:Hearts)),((Five:Hearts),(Three:Diamonds)))",0.3905,0.1399,0.4696
"(((Six:Spades),(Two:Hearts)),((Five:Hearts),(Three:Hearts)))",0.387,0.1373,0.4757
"(((Six:Spades),(Two:Hearts)),((Five:Hearts),(Three:Spades)))",0.3904,0.143,0.4666
"(((Six:Spades),(Two:Hearts)),((Five:Hearts),(Four:Diamonds)))",0.4028,0.15,0.4472
"(((Six:Spades),(Two:Hearts)),((Five:Hearts),(Four:Hearts)))",0.3902,0.1469,0.4629
"(((Six:Spades),(Two:Hearts)),((Five:Hearts),(Four:Spades)))",0.4072,0.1534,0.4394
"(((Six:Spades),(Two:Hearts)),((Five:Hearts),(Five:Diamonds)))",0.22,2.31e-2,0.7569
"(((Six:Spades),(Two:Hearts)),((Five:Spades),(Three:Diamonds)))",0.3876,0.14,0.4724
"(((Six:Spades),(Two:Hearts)),((Five:Spades),(Three:Hearts)))",0.3935,0.1428,0.4637
"(((Six:Spades),(Two:Hearts)),((Five:Spades),(Three:Spades)))",0.364,0.1296,0.5064
"(((Six:Spades),(Two:Hearts)),((Five:Spades),(Four:Diamonds)))",0.404,0.1499,0.4461
"(((Six:Spades),(Two:Hearts)),((Five:Spades),(Four:Hearts)))",0.4069,0.1531,0.44
"(((Six:Spades),(Two:Hearts)),((Five:Spades),(Four:Spades)))",0.3808,0.1393,0.4799
"(((Six:Spades),(Two:Hearts)),((Five:Spades),(Five:Diamonds)))",0.2216,2.34e-2,0.755
"(((Six:Spades),(Two:Hearts)),((Five:Spades),(Five:Hearts)))",0.2209,2.4e-2,0.7551
"(((Six:Spades),(Two:Hearts)),((Six:Diamonds),(Two:Clubs)))",2.15e-2,0.9557,2.28e-2
"(((Six:Spades),(Two:Hearts)),((Six:Diamonds),(Two:Spades)))",1.46e-2,0.9658,1.96e-2
"(((Six:Spades),(Two:Hearts)),((Six:Hearts),(Two:Spades)))",1.22e-2,0.9864,1.4e-3
"(((Six:Spades),(Two:Spades)),((Two:Hearts),(Two:Diamonds)))",0.3409,4.47e-2,0.6144
"(((Six:Spades),(Two:Spades)),((Two:Hearts),(Three:Diamonds)))",0.5456,0.2455,0.2089
"(((Six:Spades),(Two:Spades)),((Two:Hearts),(Three:Hearts)))",0.5205,0.2407,0.2388
"(((Six:Spades),(Two:Spades)),((Two:Hearts),(Three:Spades)))",0.5369,0.2514,0.2117
"(((Six:Spades),(Two:Spades)),((Two:Hearts),(Four:Diamonds)))",0.5491,0.2435,0.2074
"(((Six:Spades),(Two:Spades)),((Two:Hearts),(Four:Hearts)))",0.5248,0.2395,0.2357
"(((Six:Spades),(Two:Spades)),((Two:Hearts),(Four:Spades)))",0.5374,0.2501,0.2125
"(((Six:Spades),(Two:Spades)),((Two:Hearts),(Five:Diamonds)))",0.5175,0.2246,0.2579
"(((Six:Spades),(Two:Spades)),((Two:Hearts),(Five:Hearts)))",0.5065,0.2239,0.2696
"(((Six:Spades),(Two:Spades)),((Two:Hearts),(Five:Spades)))",0.5084,0.2312,0.2604
"(((Six:Spades),(Two:Spades)),((Three:Hearts),(Three:Diamonds)))",0.3138,3.44e-2,0.6518
"(((Six:Spades),(Two:Spades)),((Three:Spades),(Three:Hearts)))",0.3099,3.47e-2,0.6554
"(((Six:Spades),(Two:Spades)),((Four:Hearts),(Three:Diamonds)))",0.488,0.1349,0.3771
"(((Six:Spades),(Two:Spades)),((Four:Hearts),(Three:Hearts)))",0.4667,0.1314,0.4019
"(((Six:Spades),(Two:Spades)),((Four:Hearts),(Three:Spades)))",0.4613,0.1384,0.4003
"(((Six:Spades),(Two:Spades)),((Four:Hearts),(Four:Diamonds)))",0.305,2.8e-2,0.667
"(((Six:Spades),(Two:Spades)),((Four:Spades),(Three:Hearts)))",0.4765,0.1386,0.3849
"(((Six:Spades),(Two:Spades)),((Four:Spades),(Three:Spades)))",0.4478,0.1394,0.4128
"(((Six:Spades),(Two:Spades)),((Four:Spades),(Four:Hearts)))",0.298,2.85e-2,0.6735
"(((Six:Spades),(Two:Spades)),((Five:Hearts),(Three:Diamonds)))",0.4546,0.1265,0.4189
"(((Six:Spades),(Two:Spades)),((Five:Hearts),(Three:Hearts)))",0.4456,0.1238,0.4306
"(((Six:Spades),(Two:Spades)),((Five:Hearts),(Three:Spades)))",0.4289,0.1295,0.4416
"(((Six:Spades),(Two:Spades)),((Five:Hearts),(Four:Diamonds)))",0.4537,0.1359,0.4104
"(((Six:Spades),(Two:Spades)),((Five:Hearts),(Four:Hearts)))",0.4353,0.1328,0.4319
"(((Six:Spades),(Two:Spades)),((Five:Hearts),(Four:Spades)))",0.4466,0.1394,0.414
"(((Six:Spades),(Two:Spades)),((Five:Hearts),(Five:Diamonds)))",0.2766,2.14e-2,0.702
"(((Six:Spades),(Two:Spades)),((Five:Spades),(Three:Hearts)))",0.445,0.1297,0.4253
"(((Six:Spades),(Two:Spades)),((Five:Spades),(Three:Spades)))",0.4168,0.1303,0.4529
"(((Six:Spades),(Two:Spades)),((Five:Spades),(Four:Hearts)))",0.4462,0.1396,0.4142
"(((Six:Spades),(Two:Spades)),((Five:Spades),(Four:Spades)))",0.4338,0.1402,0.426
"(((Six:Spades),(Two:Spades)),((Five:Spades),(Five:Hearts)))",0.2704,2.25e-2,0.7071
"(((Six:Spades),(Two:Spades)),((Six:Hearts),(Two:Diamonds)))",0.1128,0.865,2.22e-2
"(((Six:Spades),(Two:Spades)),((Six:Hearts),(Two:Hearts)))",0.1127,0.8528,3.45e-2
"(((Six:Spades),(Three:Hearts)),((Two:Diamonds),(Two:Clubs)))",0.4227,3.74e-2,0.5399
"(((Six:Spades),(Three:Hearts)),((Two:Hearts),(Two:Diamonds)))",0.4241,3.74e-2,0.5385
"(((Six:Spades),(Three:Hearts)),((Two:Spades),(Two:Diamonds)))",0.4224,3.75e-2,0.5401
"(((Six:Spades),(Three:Hearts)),((Two:Spades),(Two:Hearts)))",0.4282,3.75e-2,0.5343
"(((Six:Spades),(Three:Hearts)),((Three:Diamonds),(Two:Clubs)))",0.5099,0.2735,0.2166
"(((Six:Spades),(Three:Hearts)),((Three:Diamonds),(Two:Diamonds)))",0.4688,0.2505,0.2807
"(((Six:Spades),(Three:Hearts)),((Three:Diamonds),(Two:Hearts)))",0.5122,0.2761,0.2117
"(((Six:Spades),(Three:Hearts)),((Three:Diamonds),(Two:Spades)))",0.5105,0.2761,0.2134
"(((Six:Spades),(Three:Hearts)),((Three:Diamonds),(Three:Clubs)))",0.2973,4.47e-2,0.658
"(((Six:Spades),(Three:Hearts)),((Three:Diamonds),(Four:Clubs)))",0.4751,0.305,0.2199
"(((Six:Spades),(Three:Hearts)),((Three:Diamonds),(Four:Diamonds)))",0.4332,0.2805,0.2863
"(((Six:Spades),(Three:Hearts)),((Three:Diamonds),(Four:Hearts)))",0.4712,0.3064,0.2224
"(((Six:Spades),(Three:Hearts)),((Three:Diamonds),(Four:Spades)))",0.4712,0.3065,0.2223
"(((Six:Spades),(Three:Hearts)),((Three:Diamonds),(Five:Clubs)))",0.4457,0.2868,0.2675
"(((Six:Spades),(Three:Hearts)),((Three:Diamonds),(Five:Diamonds)))",0.403,0.2632,0.3338
"(((Six:Spades),(Three:Hearts)),((Three:Diamonds),(Five:Hearts)))",0.4412,0.2884,0.2704
"(((Six:Spades),(Three:Hearts)),((Three:Diamonds),(Five:Spades)))",0.4395,0.2885,0.272
"(((Six:Spades),(Three:Hearts)),((Three:Spades),(Two:Diamonds)))",0.5105,0.2764,0.2131
"(((Six:Spades),(Three:Hearts)),((Three:Spades),(Two:Hearts)))",0.5159,0.2821,0.202
"(((Six:Spades),(Three:Hearts)),((Three:Spades),(Two:Spades)))",0.4777,0.2593,0.263
"(((Six:Spades),(Three:Hearts)),((Three:Spades),(Three:Diamonds)))",0.2961,4.51e-2,0.6588
"(((Six:Spades),(Three:Hearts)),((Three:Spades),(Four:Diamonds)))",0.4668,0.3068,0.2264
"(((Six:Spades),(Three:Hearts)),((Three:Spades),(Four:Hearts)))",0.4702,0.3154,0.2144
"(((Six:Spades),(Three:Hearts)),((Three:Spades),(Four:Spades)))",0.4407,0.292,0.2673
"(((Six:Spades),(Three:Hearts)),((Three:Spades),(Five:Diamonds)))",0.4381,0.2881,0.2738
"(((Six:Spades),(Three:Hearts)),((Three:Spades),(Five:Hearts)))",0.4415,0.2976,0.2609
"(((Six:Spades),(Three:Hearts)),((Three:Spades),(Five:Spades)))",0.4093,0.2749,0.3158
"(((Six:Spades),(Three:Hearts)),((Four:Diamonds),(Two:Clubs)))",0.5297,0.1484,0.3219
"(((Six:Spades),(Three:Hearts)),((Four:Diamonds),(Two:Diamonds)))",0.4859,0.1315,0.3826
"(((Six:Spades),(Three:Hearts)),((Four:Diamonds),(Two:Hearts)))",0.53,0.1491,0.3209
"(((Six:Spades),(Three:Hearts)),((Four:Diamonds),(Two:Spades)))",0.5276,0.1492,0.3232
"(((Six:Spades),(Three:Hearts)),((Four:Diamonds),(Four:Clubs)))",0.2668,2.97e-2,0.7035
"(((Six:Spades),(Three:Hearts)),((Four:Hearts),(Two:Diamonds)))",0.5266,0.1494,0.324
